Mat Object: 1 MPI process
  type: seqaij
row 0: (0, 1.)  (1, 0.)  (2, 0.)  (3, 0.) 
row 1: (0, 0.)  (1, 1.)  (2, 0.)  (3, 0.) 
row 2: (0, 0.)  (1, 0.)  (2, 1.)  (3, 0.) 
row 3: (0, 0.)  (1, 0.)  (2, 0.)  (3, 1.) 
row 4: (4, 1.) 
row 5: (1, -9.)  (4, -9.)  (5, 36.)  (6, -9.)  (9, -9.) 
row 6: (2, -9.)  (5, -9.)  (6, 36.)  (7, -9.)  (10, -9.) 
row 7: (7, 1.) 
row 8: (8, 1.) 
row 9: (5, -9.)  (8, -9.)  (9, 36.)  (10, -9.)  (13, -9.) 
row 10: (6, -9.)  (9, -9.)  (10, 36.)  (11, -9.)  (14, -9.) 
row 11: (11, 1.) 
row 12: (12, 1.)  (13, 0.)  (14, 0.)  (15, 0.) 
row 13: (12, 0.)  (13, 1.)  (14, 0.)  (15, 0.) 
row 14: (12, 0.)  (13, 0.)  (14, 1.)  (15, 0.) 
row 15: (12, 0.)  (13, 0.)  (14, 0.)  (15, 1.) 
