Mat Object: 1 MPI process
  type: seqaij
row 0: (0, 1.)  (1, 0.)  (2, 0.)  (3, 0.)  (4, 0.)  (5, 0.)  (6, 0.)  (7, 0.)  (8, 0.)  (9, 0.)  (10, 0.)  (11, 0.)  (12, 0.)  (13, 0.)  (14, 0.)  (15, 0.)  (16, 0.)  (17, 0.)  (18, 0.)  (19, 0.)  (20, 0.)  (21, 0.)  (22, 0.)  (23, 0.)  (24, 0.)  (25, 0.) 
row 1: (0, 0.)  (1, 1.)  (2, 0.)  (3, 0.)  (4, 0.)  (5, 0.)  (6, 0.)  (7, 0.)  (8, 0.)  (9, 0.)  (10, 0.)  (11, 0.)  (12, 0.)  (13, 0.)  (14, 0.)  (15, 0.)  (16, 0.)  (17, 0.)  (18, 0.)  (19, 0.)  (20, 0.)  (21, 0.)  (22, 0.)  (23, 0.)  (24, 0.)  (25, 0.) 
row 2: (0, 0.)  (1, 0.)  (2, 1.)  (3, 0.)  (4, 0.)  (5, 0.)  (6, 0.)  (7, 0.)  (8, 0.)  (9, 0.)  (10, 0.)  (11, 0.)  (12, 0.)  (13, 0.)  (14, 0.)  (15, 0.)  (16, 0.)  (17, 0.)  (18, 0.)  (19, 0.)  (20, 0.)  (21, 0.)  (22, 0.)  (23, 0.)  (24, 0.)  (25, 0.) 
row 3: (0, 0.)  (1, 0.)  (2, 0.)  (3, 1.)  (4, 0.)  (5, 0.)  (6, 0.)  (7, 0.)  (8, 0.)  (9, 0.)  (10, 0.)  (11, 0.)  (12, 0.)  (13, 0.)  (14, 0.)  (15, 0.)  (16, 0.)  (17, 0.)  (18, 0.)  (19, 0.)  (20, 0.)  (21, 0.)  (22, 0.)  (23, 0.)  (24, 0.)  (25, 0.) 
row 4: (0, 0.)  (1, 0.)  (2, 0.)  (3, 0.)  (4, 1.)  (5, 0.)  (6, 0.)  (7, 0.)  (8, 0.)  (9, 0.)  (10, 0.)  (11, 0.)  (12, 0.)  (13, 0.)  (14, 0.)  (15, 0.)  (16, 0.)  (17, 0.)  (18, 0.)  (19, 0.)  (20, 0.)  (21, 0.)  (22, 0.)  (23, 0.)  (24, 0.)  (25, 0.) 
row 5: (0, 0.)  (1, 0.)  (2, 0.)  (3, 0.)  (4, 0.)  (5, 1.)  (6, 0.)  (7, 0.)  (8, 0.)  (9, 0.)  (10, 0.)  (11, 0.)  (12, 0.)  (13, 0.)  (14, 0.)  (15, 0.)  (16, 0.)  (17, 0.)  (18, 0.)  (19, 0.)  (20, 0.)  (21, 0.)  (22, 0.)  (23, 0.)  (24, 0.)  (25, 0.) 
row 6: (0, 0.)  (1, 0.)  (2, 0.)  (3, 0.)  (4, 0.)  (5, 0.)  (6, 1.)  (7, 0.)  (8, 0.)  (9, 0.)  (10, 0.)  (11, 0.)  (12, 0.)  (13, 0.)  (14, 0.)  (15, 0.)  (16, 0.)  (17, 0.)  (18, 0.)  (19, 0.)  (20, 0.)  (21, 0.)  (22, 0.)  (23, 0.)  (24, 0.)  (25, 0.) 
row 7: (0, 0.)  (1, 0.)  (2, 0.)  (3, 0.)  (4, 0.)  (5, 0.)  (6, 0.)  (7, 1.)  (8, 0.)  (9, 0.)  (10, 0.)  (11, 0.)  (12, 0.)  (13, 0.)  (14, 0.)  (15, 0.)  (16, 0.)  (17, 0.)  (18, 0.)  (19, 0.)  (20, 0.)  (21, 0.)  (22, 0.)  (23, 0.)  (24, 0.)  (25, 0.) 
row 8: (0, 0.)  (1, 0.)  (2, 0.)  (3, 0.)  (4, 0.)  (5, 0.)  (6, 0.)  (7, 0.)  (8, 1.)  (9, 0.)  (10, 0.)  (11, 0.)  (12, 0.)  (13, 0.)  (14, 0.)  (15, 0.)  (16, 0.)  (17, 0.)  (18, 0.)  (19, 0.)  (20, 0.)  (21, 0.)  (22, 0.)  (23, 0.)  (24, 0.)  (25, 0.) 
row 9: (0, 0.)  (1, 0.)  (2, 0.)  (3, 0.)  (4, 0.)  (5, 0.)  (6, 0.)  (7, 0.)  (8, 0.)  (9, 1.)  (10, 0.)  (11, 0.)  (12, 0.)  (13, 0.)  (14, 0.)  (15, 0.)  (16, 0.)  (17, 0.)  (18, 0.)  (19, 0.)  (20, 0.)  (21, 0.)  (22, 0.)  (23, 0.)  (24, 0.)  (25, 0.) 
row 10: (0, 0.)  (1, 0.)  (2, 0.)  (3, 0.)  (4, 0.)  (5, 0.)  (6, 0.)  (7, 0.)  (8, 0.)  (9, 0.)  (10, 1.)  (11, 0.)  (12, 0.)  (13, 0.)  (14, 0.)  (15, 0.)  (16, 0.)  (17, 0.)  (18, 0.)  (19, 0.)  (20, 0.)  (21, 0.)  (22, 0.)  (23, 0.)  (24, 0.)  (25, 0.) 
row 11: (0, 0.)  (1, 0.)  (2, 0.)  (3, 0.)  (4, 0.)  (5, 0.)  (6, 0.)  (7, 0.)  (8, 0.)  (9, 0.)  (10, 0.)  (11, 1.)  (12, 0.)  (13, 0.)  (14, 0.)  (15, 0.)  (16, 0.)  (17, 0.)  (18, 0.)  (19, 0.)  (20, 0.)  (21, 0.)  (22, 0.)  (23, 0.)  (24, 0.)  (25, 0.) 
row 12: (0, 0.)  (1, 0.)  (2, 0.)  (3, 0.)  (4, 0.)  (5, 0.)  (6, 0.)  (7, 0.)  (8, 0.)  (9, 0.)  (10, 0.)  (11, 0.)  (12, 1.)  (13, 0.)  (14, 0.)  (15, 0.)  (16, 0.)  (17, 0.)  (18, 0.)  (19, 0.)  (20, 0.)  (21, 0.)  (22, 0.)  (23, 0.)  (24, 0.)  (25, 0.) 
row 13: (0, 0.)  (1, 0.)  (2, 0.)  (3, 0.)  (4, 0.)  (5, 0.)  (6, 0.)  (7, 0.)  (8, 0.)  (9, 0.)  (10, 0.)  (11, 0.)  (12, 0.)  (13, 1.)  (14, 0.)  (15, 0.)  (16, 0.)  (17, 0.)  (18, 0.)  (19, 0.)  (20, 0.)  (21, 0.)  (22, 0.)  (23, 0.)  (24, 0.)  (25, 0.) 
row 14: (0, 0.)  (1, 0.)  (2, 0.)  (3, 0.)  (4, 0.)  (5, 0.)  (6, 0.)  (7, 0.)  (8, 0.)  (9, 0.)  (10, 0.)  (11, 0.)  (12, 0.)  (13, 0.)  (14, 1.)  (15, 0.)  (16, 0.)  (17, 0.)  (18, 0.)  (19, 0.)  (20, 0.)  (21, 0.)  (22, 0.)  (23, 0.)  (24, 0.)  (25, 0.) 
row 15: (0, 0.)  (1, 0.)  (2, 0.)  (3, 0.)  (4, 0.)  (5, 0.)  (6, 0.)  (7, 0.)  (8, 0.)  (9, 0.)  (10, 0.)  (11, 0.)  (12, 0.)  (13, 0.)  (14, 0.)  (15, 1.)  (16, 0.)  (17, 0.)  (18, 0.)  (19, 0.)  (20, 0.)  (21, 0.)  (22, 0.)  (23, 0.)  (24, 0.)  (25, 0.) 
row 16: (0, 0.)  (1, 0.)  (2, 0.)  (3, 0.)  (4, 0.)  (5, 0.)  (6, 0.)  (7, 0.)  (8, 0.)  (9, 0.)  (10, 0.)  (11, 0.)  (12, 0.)  (13, 0.)  (14, 0.)  (15, 0.)  (16, 1.)  (17, 0.)  (18, 0.)  (19, 0.)  (20, 0.)  (21, 0.)  (22, 0.)  (23, 0.)  (24, 0.)  (25, 0.) 
row 17: (0, 0.)  (1, 0.)  (2, 0.)  (3, 0.)  (4, 0.)  (5, 0.)  (6, 0.)  (7, 0.)  (8, 0.)  (9, 0.)  (10, 0.)  (11, 0.)  (12, 0.)  (13, 0.)  (14, 0.)  (15, 0.)  (16, 0.)  (17, 1.)  (18, 0.)  (19, 0.)  (20, 0.)  (21, 0.)  (22, 0.)  (23, 0.)  (24, 0.)  (25, 0.) 
row 18: (0, 0.)  (1, 0.)  (2, 0.)  (3, 0.)  (4, 0.)  (5, 0.)  (6, 0.)  (7, 0.)  (8, 0.)  (9, 0.)  (10, 0.)  (11, 0.)  (12, 0.)  (13, 0.)  (14, 0.)  (15, 0.)  (16, 0.)  (17, 0.)  (18, 1.)  (19, 0.)  (20, 0.)  (21, 0.)  (22, 0.)  (23, 0.)  (24, 0.)  (25, 0.) 
row 19: (0, 0.)  (1, 0.)  (2, 0.)  (3, 0.)  (4, 0.)  (5, 0.)  (6, 0.)  (7, 0.)  (8, 0.)  (9, 0.)  (10, 0.)  (11, 0.)  (12, 0.)  (13, 0.)  (14, 0.)  (15, 0.)  (16, 0.)  (17, 0.)  (18, 0.)  (19, 1.)  (20, 0.)  (21, 0.)  (22, 0.)  (23, 0.)  (24, 0.)  (25, 0.) 
row 20: (0, 0.)  (1, 0.)  (2, 0.)  (3, 0.)  (4, 0.)  (5, 0.)  (6, 0.)  (7, 0.)  (8, 0.)  (9, 0.)  (10, 0.)  (11, 0.)  (12, 0.)  (13, 0.)  (14, 0.)  (15, 0.)  (16, 0.)  (17, 0.)  (18, 0.)  (19, 0.)  (20, 1.)  (21, 0.)  (22, 0.)  (23, 0.)  (24, 0.)  (25, 0.) 
row 21: (0, 0.)  (1, 0.)  (2, 0.)  (3, 0.)  (4, 0.)  (5, 0.)  (6, 0.)  (7, 0.)  (8, 0.)  (9, 0.)  (10, 0.)  (11, 0.)  (12, 0.)  (13, 0.)  (14, 0.)  (15, 0.)  (16, 0.)  (17, 0.)  (18, 0.)  (19, 0.)  (20, 0.)  (21, 1.)  (22, 0.)  (23, 0.)  (24, 0.)  (25, 0.) 
row 22: (0, 0.)  (1, 0.)  (2, 0.)  (3, 0.)  (4, 0.)  (5, 0.)  (6, 0.)  (7, 0.)  (8, 0.)  (9, 0.)  (10, 0.)  (11, 0.)  (12, 0.)  (13, 0.)  (14, 0.)  (15, 0.)  (16, 0.)  (17, 0.)  (18, 0.)  (19, 0.)  (20, 0.)  (21, 0.)  (22, 1.)  (23, 0.)  (24, 0.)  (25, 0.) 
row 23: (0, 0.)  (1, 0.)  (2, 0.)  (3, 0.)  (4, 0.)  (5, 0.)  (6, 0.)  (7, 0.)  (8, 0.)  (9, 0.)  (10, 0.)  (11, 0.)  (12, 0.)  (13, 0.)  (14, 0.)  (15, 0.)  (16, 0.)  (17, 0.)  (18, 0.)  (19, 0.)  (20, 0.)  (21, 0.)  (22, 0.)  (23, 1.)  (24, 0.)  (25, 0.) 
row 24: (0, 0.)  (1, 0.)  (2, 0.)  (3, 0.)  (4, 0.)  (5, 0.)  (6, 0.)  (7, 0.)  (8, 0.)  (9, 0.)  (10, 0.)  (11, 0.)  (12, 0.)  (13, 0.)  (14, 0.)  (15, 0.)  (16, 0.)  (17, 0.)  (18, 0.)  (19, 0.)  (20, 0.)  (21, 0.)  (22, 0.)  (23, 0.)  (24, 1.)  (25, 0.) 
row 25: (0, 0.)  (1, 0.)  (2, 0.)  (3, 0.)  (4, 0.)  (5, 0.)  (6, 0.)  (7, 0.)  (8, 0.)  (9, 0.)  (10, 0.)  (11, 0.)  (12, 0.)  (13, 0.)  (14, 0.)  (15, 0.)  (16, 0.)  (17, 0.)  (18, 0.)  (19, 0.)  (20, 0.)  (21, 0.)  (22, 0.)  (23, 0.)  (24, 0.)  (25, 1.) 
row 26: (26, 1.) 
row 27: (1, -625.)  (26, -625.)  (27, 2500.)  (28, -625.)  (53, -625.) 
row 28: (2, -625.)  (27, -625.)  (28, 2500.)  (29, -625.)  (54, -625.) 
row 29: (3, -625.)  (28, -625.)  (29, 2500.)  (30, -625.)  (55, -625.) 
row 30: (4, -625.)  (29, -625.)  (30, 2500.)  (31, -625.)  (56, -625.) 
row 31: (5, -625.)  (30, -625.)  (31, 2500.)  (32, -625.)  (57, -625.) 
row 32: (6, -625.)  (31, -625.)  (32, 2500.)  (33, -625.)  (58, -625.) 
row 33: (7, -625.)  (32, -625.)  (33, 2500.)  (34, -625.)  (59, -625.) 
row 34: (8, -625.)  (33, -625.)  (34, 2500.)  (35, -625.)  (60, -625.) 
row 35: (9, -625.)  (34, -625.)  (35, 2500.)  (36, -625.)  (61, -625.) 
row 36: (10, -625.)  (35, -625.)  (36, 2500.)  (37, -625.)  (62, -625.) 
row 37: (11, -625.)  (36, -625.)  (37, 2500.)  (38, -625.)  (63, -625.) 
row 38: (12, -625.)  (37, -625.)  (38, 2500.)  (39, -625.)  (64, -625.) 
row 39: (13, -625.)  (38, -625.)  (39, 2500.)  (40, -625.)  (65, -625.) 
row 40: (14, -625.)  (39, -625.)  (40, 2500.)  (41, -625.)  (66, -625.) 
row 41: (15, -625.)  (40, -625.)  (41, 2500.)  (42, -625.)  (67, -625.) 
row 42: (16, -625.)  (41, -625.)  (42, 2500.)  (43, -625.)  (68, -625.) 
row 43: (17, -625.)  (42, -625.)  (43, 2500.)  (44, -625.)  (69, -625.) 
row 44: (18, -625.)  (43, -625.)  (44, 2500.)  (45, -625.)  (70, -625.) 
row 45: (19, -625.)  (44, -625.)  (45, 2500.)  (46, -625.)  (71, -625.) 
row 46: (20, -625.)  (45, -625.)  (46, 2500.)  (47, -625.)  (72, -625.) 
row 47: (21, -625.)  (46, -625.)  (47, 2500.)  (48, -625.)  (73, -625.) 
row 48: (22, -625.)  (47, -625.)  (48, 2500.)  (49, -625.)  (74, -625.) 
row 49: (23, -625.)  (48, -625.)  (49, 2500.)  (50, -625.)  (75, -625.) 
row 50: (24, -625.)  (49, -625.)  (50, 2500.)  (51, -625.)  (76, -625.) 
row 51: (51, 1.) 
row 52: (52, 1.) 
row 53: (27, -625.)  (52, -625.)  (53, 2500.)  (54, -625.)  (79, -625.) 
row 54: (28, -625.)  (53, -625.)  (54, 2500.)  (55, -625.)  (80, -625.) 
row 55: (29, -625.)  (54, -625.)  (55, 2500.)  (56, -625.)  (81, -625.) 
row 56: (30, -625.)  (55, -625.)  (56, 2500.)  (57, -625.)  (82, -625.) 
row 57: (31, -625.)  (56, -625.)  (57, 2500.)  (58, -625.)  (83, -625.) 
row 58: (32, -625.)  (57, -625.)  (58, 2500.)  (59, -625.)  (84, -625.) 
row 59: (33, -625.)  (58, -625.)  (59, 2500.)  (60, -625.)  (85, -625.) 
row 60: (34, -625.)  (59, -625.)  (60, 2500.)  (61, -625.)  (86, -625.) 
row 61: (35, -625.)  (60, -625.)  (61, 2500.)  (62, -625.)  (87, -625.) 
row 62: (36, -625.)  (61, -625.)  (62, 2500.)  (63, -625.)  (88, -625.) 
row 63: (37, -625.)  (62, -625.)  (63, 2500.)  (64, -625.)  (89, -625.) 
row 64: (38, -625.)  (63, -625.)  (64, 2500.)  (65, -625.)  (90, -625.) 
row 65: (39, -625.)  (64, -625.)  (65, 2500.)  (66, -625.)  (91, -625.) 
row 66: (40, -625.)  (65, -625.)  (66, 2500.)  (67, -625.)  (92, -625.) 
row 67: (41, -625.)  (66, -625.)  (67, 2500.)  (68, -625.)  (93, -625.) 
row 68: (42, -625.)  (67, -625.)  (68, 2500.)  (69, -625.)  (94, -625.) 
row 69: (43, -625.)  (68, -625.)  (69, 2500.)  (70, -625.)  (95, -625.) 
row 70: (44, -625.)  (69, -625.)  (70, 2500.)  (71, -625.)  (96, -625.) 
row 71: (45, -625.)  (70, -625.)  (71, 2500.)  (72, -625.)  (97, -625.) 
row 72: (46, -625.)  (71, -625.)  (72, 2500.)  (73, -625.)  (98, -625.) 
row 73: (47, -625.)  (72, -625.)  (73, 2500.)  (74, -625.)  (99, -625.) 
row 74: (48, -625.)  (73, -625.)  (74, 2500.)  (75, -625.)  (100, -625.) 
row 75: (49, -625.)  (74, -625.)  (75, 2500.)  (76, -625.)  (101, -625.) 
row 76: (50, -625.)  (75, -625.)  (76, 2500.)  (77, -625.)  (102, -625.) 
row 77: (77, 1.) 
row 78: (78, 1.) 
row 79: (53, -625.)  (78, -625.)  (79, 2500.)  (80, -625.)  (105, -625.) 
row 80: (54, -625.)  (79, -625.)  (80, 2500.)  (81, -625.)  (106, -625.) 
row 81: (55, -625.)  (80, -625.)  (81, 2500.)  (82, -625.)  (107, -625.) 
row 82: (56, -625.)  (81, -625.)  (82, 2500.)  (83, -625.)  (108, -625.) 
row 83: (57, -625.)  (82, -625.)  (83, 2500.)  (84, -625.)  (109, -625.) 
row 84: (58, -625.)  (83, -625.)  (84, 2500.)  (85, -625.)  (110, -625.) 
row 85: (59, -625.)  (84, -625.)  (85, 2500.)  (86, -625.)  (111, -625.) 
row 86: (60, -625.)  (85, -625.)  (86, 2500.)  (87, -625.)  (112, -625.) 
row 87: (61, -625.)  (86, -625.)  (87, 2500.)  (88, -625.)  (113, -625.) 
row 88: (62, -625.)  (87, -625.)  (88, 2500.)  (89, -625.)  (114, -625.) 
row 89: (63, -625.)  (88, -625.)  (89, 2500.)  (90, -625.)  (115, -625.) 
row 90: (64, -625.)  (89, -625.)  (90, 2500.)  (91, -625.)  (116, -625.) 
row 91: (65, -625.)  (90, -625.)  (91, 2500.)  (92, -625.)  (117, -625.) 
row 92: (66, -625.)  (91, -625.)  (92, 2500.)  (93, -625.)  (118, -625.) 
row 93: (67, -625.)  (92, -625.)  (93, 2500.)  (94, -625.)  (119, -625.) 
row 94: (68, -625.)  (93, -625.)  (94, 2500.)  (95, -625.)  (120, -625.) 
row 95: (69, -625.)  (94, -625.)  (95, 2500.)  (96, -625.)  (121, -625.) 
row 96: (70, -625.)  (95, -625.)  (96, 2500.)  (97, -625.)  (122, -625.) 
row 97: (71, -625.)  (96, -625.)  (97, 2500.)  (98, -625.)  (123, -625.) 
row 98: (72, -625.)  (97, -625.)  (98, 2500.)  (99, -625.)  (124, -625.) 
row 99: (73, -625.)  (98, -625.)  (99, 2500.)  (100, -625.)  (125, -625.) 
row 100: (74, -625.)  (99, -625.)  (100, 2500.)  (101, -625.)  (126, -625.) 
row 101: (75, -625.)  (100, -625.)  (101, 2500.)  (102, -625.)  (127, -625.) 
row 102: (76, -625.)  (101, -625.)  (102, 2500.)  (103, -625.)  (128, -625.) 
row 103: (103, 1.) 
row 104: (104, 1.) 
row 105: (79, -625.)  (104, -625.)  (105, 2500.)  (106, -625.)  (131, -625.) 
row 106: (80, -625.)  (105, -625.)  (106, 2500.)  (107, -625.)  (132, -625.) 
row 107: (81, -625.)  (106, -625.)  (107, 2500.)  (108, -625.)  (133, -625.) 
row 108: (82, -625.)  (107, -625.)  (108, 2500.)  (109, -625.)  (134, -625.) 
row 109: (83, -625.)  (108, -625.)  (109, 2500.)  (110, -625.)  (135, -625.) 
row 110: (84, -625.)  (109, -625.)  (110, 2500.)  (111, -625.)  (136, -625.) 
row 111: (85, -625.)  (110, -625.)  (111, 2500.)  (112, -625.)  (137, -625.) 
row 112: (86, -625.)  (111, -625.)  (112, 2500.)  (113, -625.)  (138, -625.) 
row 113: (87, -625.)  (112, -625.)  (113, 2500.)  (114, -625.)  (139, -625.) 
row 114: (88, -625.)  (113, -625.)  (114, 2500.)  (115, -625.)  (140, -625.) 
row 115: (89, -625.)  (114, -625.)  (115, 2500.)  (116, -625.)  (141, -625.) 
row 116: (90, -625.)  (115, -625.)  (116, 2500.)  (117, -625.)  (142, -625.) 
row 117: (91, -625.)  (116, -625.)  (117, 2500.)  (118, -625.)  (143, -625.) 
row 118: (92, -625.)  (117, -625.)  (118, 2500.)  (119, -625.)  (144, -625.) 
row 119: (93, -625.)  (118, -625.)  (119, 2500.)  (120, -625.)  (145, -625.) 
row 120: (94, -625.)  (119, -625.)  (120, 2500.)  (121, -625.)  (146, -625.) 
row 121: (95, -625.)  (120, -625.)  (121, 2500.)  (122, -625.)  (147, -625.) 
row 122: (96, -625.)  (121, -625.)  (122, 2500.)  (123, -625.)  (148, -625.) 
row 123: (97, -625.)  (122, -625.)  (123, 2500.)  (124, -625.)  (149, -625.) 
row 124: (98, -625.)  (123, -625.)  (124, 2500.)  (125, -625.)  (150, -625.) 
row 125: (99, -625.)  (124, -625.)  (125, 2500.)  (126, -625.)  (151, -625.) 
row 126: (100, -625.)  (125, -625.)  (126, 2500.)  (127, -625.)  (152, -625.) 
row 127: (101, -625.)  (126, -625.)  (127, 2500.)  (128, -625.)  (153, -625.) 
row 128: (102, -625.)  (127, -625.)  (128, 2500.)  (129, -625.)  (154, -625.) 
row 129: (129, 1.) 
row 130: (130, 1.) 
row 131: (105, -625.)  (130, -625.)  (131, 2500.)  (132, -625.)  (157, -625.) 
row 132: (106, -625.)  (131, -625.)  (132, 2500.)  (133, -625.)  (158, -625.) 
row 133: (107, -625.)  (132, -625.)  (133, 2500.)  (134, -625.)  (159, -625.) 
row 134: (108, -625.)  (133, -625.)  (134, 2500.)  (135, -625.)  (160, -625.) 
row 135: (109, -625.)  (134, -625.)  (135, 2500.)  (136, -625.)  (161, -625.) 
row 136: (110, -625.)  (135, -625.)  (136, 2500.)  (137, -625.)  (162, -625.) 
row 137: (111, -625.)  (136, -625.)  (137, 2500.)  (138, -625.)  (163, -625.) 
row 138: (112, -625.)  (137, -625.)  (138, 2500.)  (139, -625.)  (164, -625.) 
row 139: (113, -625.)  (138, -625.)  (139, 2500.)  (140, -625.)  (165, -625.) 
row 140: (114, -625.)  (139, -625.)  (140, 2500.)  (141, -625.)  (166, -625.) 
row 141: (115, -625.)  (140, -625.)  (141, 2500.)  (142, -625.)  (167, -625.) 
row 142: (116, -625.)  (141, -625.)  (142, 2500.)  (143, -625.)  (168, -625.) 
row 143: (117, -625.)  (142, -625.)  (143, 2500.)  (144, -625.)  (169, -625.) 
row 144: (118, -625.)  (143, -625.)  (144, 2500.)  (145, -625.)  (170, -625.) 
row 145: (119, -625.)  (144, -625.)  (145, 2500.)  (146, -625.)  (171, -625.) 
row 146: (120, -625.)  (145, -625.)  (146, 2500.)  (147, -625.)  (172, -625.) 
row 147: (121, -625.)  (146, -625.)  (147, 2500.)  (148, -625.)  (173, -625.) 
row 148: (122, -625.)  (147, -625.)  (148, 2500.)  (149, -625.)  (174, -625.) 
row 149: (123, -625.)  (148, -625.)  (149, 2500.)  (150, -625.)  (175, -625.) 
row 150: (124, -625.)  (149, -625.)  (150, 2500.)  (151, -625.)  (176, -625.) 
row 151: (125, -625.)  (150, -625.)  (151, 2500.)  (152, -625.)  (177, -625.) 
row 152: (126, -625.)  (151, -625.)  (152, 2500.)  (153, -625.)  (178, -625.) 
row 153: (127, -625.)  (152, -625.)  (153, 2500.)  (154, -625.)  (179, -625.) 
row 154: (128, -625.)  (153, -625.)  (154, 2500.)  (155, -625.)  (180, -625.) 
row 155: (155, 1.) 
row 156: (156, 1.) 
row 157: (131, -625.)  (156, -625.)  (157, 2500.)  (158, -625.)  (183, -625.) 
row 158: (132, -625.)  (157, -625.)  (158, 2500.)  (159, -625.)  (184, -625.) 
row 159: (133, -625.)  (158, -625.)  (159, 2500.)  (160, -625.)  (185, -625.) 
row 160: (134, -625.)  (159, -625.)  (160, 2500.)  (161, -625.)  (186, -625.) 
row 161: (135, -625.)  (160, -625.)  (161, 2500.)  (162, -625.)  (187, -625.) 
row 162: (136, -625.)  (161, -625.)  (162, 2500.)  (163, -625.)  (188, -625.) 
row 163: (137, -625.)  (162, -625.)  (163, 2500.)  (164, -625.)  (189, -625.) 
row 164: (138, -625.)  (163, -625.)  (164, 2500.)  (165, -625.)  (190, -625.) 
row 165: (139, -625.)  (164, -625.)  (165, 2500.)  (166, -625.)  (191, -625.) 
row 166: (140, -625.)  (165, -625.)  (166, 2500.)  (167, -625.)  (192, -625.) 
row 167: (141, -625.)  (166, -625.)  (167, 2500.)  (168, -625.)  (193, -625.) 
row 168: (142, -625.)  (167, -625.)  (168, 2500.)  (169, -625.)  (194, -625.) 
row 169: (143, -625.)  (168, -625.)  (169, 2500.)  (170, -625.)  (195, -625.) 
row 170: (144, -625.)  (169, -625.)  (170, 2500.)  (171, -625.)  (196, -625.) 
row 171: (145, -625.)  (170, -625.)  (171, 2500.)  (172, -625.)  (197, -625.) 
row 172: (146, -625.)  (171, -625.)  (172, 2500.)  (173, -625.)  (198, -625.) 
row 173: (147, -625.)  (172, -625.)  (173, 2500.)  (174, -625.)  (199, -625.) 
row 174: (148, -625.)  (173, -625.)  (174, 2500.)  (175, -625.)  (200, -625.) 
row 175: (149, -625.)  (174, -625.)  (175, 2500.)  (176, -625.)  (201, -625.) 
row 176: (150, -625.)  (175, -625.)  (176, 2500.)  (177, -625.)  (202, -625.) 
row 177: (151, -625.)  (176, -625.)  (177, 2500.)  (178, -625.)  (203, -625.) 
row 178: (152, -625.)  (177, -625.)  (178, 2500.)  (179, -625.)  (204, -625.) 
row 179: (153, -625.)  (178, -625.)  (179, 2500.)  (180, -625.)  (205, -625.) 
row 180: (154, -625.)  (179, -625.)  (180, 2500.)  (181, -625.)  (206, -625.) 
row 181: (181, 1.) 
row 182: (182, 1.) 
row 183: (157, -625.)  (182, -625.)  (183, 2500.)  (184, -625.)  (209, -625.) 
row 184: (158, -625.)  (183, -625.)  (184, 2500.)  (185, -625.)  (210, -625.) 
row 185: (159, -625.)  (184, -625.)  (185, 2500.)  (186, -625.)  (211, -625.) 
row 186: (160, -625.)  (185, -625.)  (186, 2500.)  (187, -625.)  (212, -625.) 
row 187: (161, -625.)  (186, -625.)  (187, 2500.)  (188, -625.)  (213, -625.) 
row 188: (162, -625.)  (187, -625.)  (188, 2500.)  (189, -625.)  (214, -625.) 
row 189: (163, -625.)  (188, -625.)  (189, 2500.)  (190, -625.)  (215, -625.) 
row 190: (164, -625.)  (189, -625.)  (190, 2500.)  (191, -625.)  (216, -625.) 
row 191: (165, -625.)  (190, -625.)  (191, 2500.)  (192, -625.)  (217, -625.) 
row 192: (166, -625.)  (191, -625.)  (192, 2500.)  (193, -625.)  (218, -625.) 
row 193: (167, -625.)  (192, -625.)  (193, 2500.)  (194, -625.)  (219, -625.) 
row 194: (168, -625.)  (193, -625.)  (194, 2500.)  (195, -625.)  (220, -625.) 
row 195: (169, -625.)  (194, -625.)  (195, 2500.)  (196, -625.)  (221, -625.) 
row 196: (170, -625.)  (195, -625.)  (196, 2500.)  (197, -625.)  (222, -625.) 
row 197: (171, -625.)  (196, -625.)  (197, 2500.)  (198, -625.)  (223, -625.) 
row 198: (172, -625.)  (197, -625.)  (198, 2500.)  (199, -625.)  (224, -625.) 
row 199: (173, -625.)  (198, -625.)  (199, 2500.)  (200, -625.)  (225, -625.) 
row 200: (174, -625.)  (199, -625.)  (200, 2500.)  (201, -625.)  (226, -625.) 
row 201: (175, -625.)  (200, -625.)  (201, 2500.)  (202, -625.)  (227, -625.) 
row 202: (176, -625.)  (201, -625.)  (202, 2500.)  (203, -625.)  (228, -625.) 
row 203: (177, -625.)  (202, -625.)  (203, 2500.)  (204, -625.)  (229, -625.) 
row 204: (178, -625.)  (203, -625.)  (204, 2500.)  (205, -625.)  (230, -625.) 
row 205: (179, -625.)  (204, -625.)  (205, 2500.)  (206, -625.)  (231, -625.) 
row 206: (180, -625.)  (205, -625.)  (206, 2500.)  (207, -625.)  (232, -625.) 
row 207: (207, 1.) 
row 208: (208, 1.) 
row 209: (183, -625.)  (208, -625.)  (209, 2500.)  (210, -625.)  (235, -625.) 
row 210: (184, -625.)  (209, -625.)  (210, 2500.)  (211, -625.)  (236, -625.) 
row 211: (185, -625.)  (210, -625.)  (211, 2500.)  (212, -625.)  (237, -625.) 
row 212: (186, -625.)  (211, -625.)  (212, 2500.)  (213, -625.)  (238, -625.) 
row 213: (187, -625.)  (212, -625.)  (213, 2500.)  (214, -625.)  (239, -625.) 
row 214: (188, -625.)  (213, -625.)  (214, 2500.)  (215, -625.)  (240, -625.) 
row 215: (189, -625.)  (214, -625.)  (215, 2500.)  (216, -625.)  (241, -625.) 
row 216: (190, -625.)  (215, -625.)  (216, 2500.)  (217, -625.)  (242, -625.) 
row 217: (191, -625.)  (216, -625.)  (217, 2500.)  (218, -625.)  (243, -625.) 
row 218: (192, -625.)  (217, -625.)  (218, 2500.)  (219, -625.)  (244, -625.) 
row 219: (193, -625.)  (218, -625.)  (219, 2500.)  (220, -625.)  (245, -625.) 
row 220: (194, -625.)  (219, -625.)  (220, 2500.)  (221, -625.)  (246, -625.) 
row 221: (195, -625.)  (220, -625.)  (221, 2500.)  (222, -625.)  (247, -625.) 
row 222: (196, -625.)  (221, -625.)  (222, 2500.)  (223, -625.)  (248, -625.) 
row 223: (197, -625.)  (222, -625.)  (223, 2500.)  (224, -625.)  (249, -625.) 
row 224: (198, -625.)  (223, -625.)  (224, 2500.)  (225, -625.)  (250, -625.) 
row 225: (199, -625.)  (224, -625.)  (225, 2500.)  (226, -625.)  (251, -625.) 
row 226: (200, -625.)  (225, -625.)  (226, 2500.)  (227, -625.)  (252, -625.) 
row 227: (201, -625.)  (226, -625.)  (227, 2500.)  (228, -625.)  (253, -625.) 
row 228: (202, -625.)  (227, -625.)  (228, 2500.)  (229, -625.)  (254, -625.) 
row 229: (203, -625.)  (228, -625.)  (229, 2500.)  (230, -625.)  (255, -625.) 
row 230: (204, -625.)  (229, -625.)  (230, 2500.)  (231, -625.)  (256, -625.) 
row 231: (205, -625.)  (230, -625.)  (231, 2500.)  (232, -625.)  (257, -625.) 
row 232: (206, -625.)  (231, -625.)  (232, 2500.)  (233, -625.)  (258, -625.) 
row 233: (233, 1.) 
row 234: (234, 1.) 
row 235: (209, -625.)  (234, -625.)  (235, 2500.)  (236, -625.)  (261, -625.) 
row 236: (210, -625.)  (235, -625.)  (236, 2500.)  (237, -625.)  (262, -625.) 
row 237: (211, -625.)  (236, -625.)  (237, 2500.)  (238, -625.)  (263, -625.) 
row 238: (212, -625.)  (237, -625.)  (238, 2500.)  (239, -625.)  (264, -625.) 
row 239: (213, -625.)  (238, -625.)  (239, 2500.)  (240, -625.)  (265, -625.) 
row 240: (214, -625.)  (239, -625.)  (240, 2500.)  (241, -625.)  (266, -625.) 
row 241: (215, -625.)  (240, -625.)  (241, 2500.)  (242, -625.)  (267, -625.) 
row 242: (216, -625.)  (241, -625.)  (242, 2500.)  (243, -625.)  (268, -625.) 
row 243: (217, -625.)  (242, -625.)  (243, 2500.)  (244, -625.)  (269, -625.) 
row 244: (218, -625.)  (243, -625.)  (244, 2500.)  (245, -625.)  (270, -625.) 
row 245: (219, -625.)  (244, -625.)  (245, 2500.)  (246, -625.)  (271, -625.) 
row 246: (220, -625.)  (245, -625.)  (246, 2500.)  (247, -625.)  (272, -625.) 
row 247: (221, -625.)  (246, -625.)  (247, 2500.)  (248, -625.)  (273, -625.) 
row 248: (222, -625.)  (247, -625.)  (248, 2500.)  (249, -625.)  (274, -625.) 
row 249: (223, -625.)  (248, -625.)  (249, 2500.)  (250, -625.)  (275, -625.) 
row 250: (224, -625.)  (249, -625.)  (250, 2500.)  (251, -625.)  (276, -625.) 
row 251: (225, -625.)  (250, -625.)  (251, 2500.)  (252, -625.)  (277, -625.) 
row 252: (226, -625.)  (251, -625.)  (252, 2500.)  (253, -625.)  (278, -625.) 
row 253: (227, -625.)  (252, -625.)  (253, 2500.)  (254, -625.)  (279, -625.) 
row 254: (228, -625.)  (253, -625.)  (254, 2500.)  (255, -625.)  (280, -625.) 
row 255: (229, -625.)  (254, -625.)  (255, 2500.)  (256, -625.)  (281, -625.) 
row 256: (230, -625.)  (255, -625.)  (256, 2500.)  (257, -625.)  (282, -625.) 
row 257: (231, -625.)  (256, -625.)  (257, 2500.)  (258, -625.)  (283, -625.) 
row 258: (232, -625.)  (257, -625.)  (258, 2500.)  (259, -625.)  (284, -625.) 
row 259: (259, 1.) 
row 260: (260, 1.) 
row 261: (235, -625.)  (260, -625.)  (261, 2500.)  (262, -625.)  (287, -625.) 
row 262: (236, -625.)  (261, -625.)  (262, 2500.)  (263, -625.)  (288, -625.) 
row 263: (237, -625.)  (262, -625.)  (263, 2500.)  (264, -625.)  (289, -625.) 
row 264: (238, -625.)  (263, -625.)  (264, 2500.)  (265, -625.)  (290, -625.) 
row 265: (239, -625.)  (264, -625.)  (265, 2500.)  (266, -625.)  (291, -625.) 
row 266: (240, -625.)  (265, -625.)  (266, 2500.)  (267, -625.)  (292, -625.) 
row 267: (241, -625.)  (266, -625.)  (267, 2500.)  (268, -625.)  (293, -625.) 
row 268: (242, -625.)  (267, -625.)  (268, 2500.)  (269, -625.)  (294, -625.) 
row 269: (243, -625.)  (268, -625.)  (269, 2500.)  (270, -625.)  (295, -625.) 
row 270: (244, -625.)  (269, -625.)  (270, 2500.)  (271, -625.)  (296, -625.) 
row 271: (245, -625.)  (270, -625.)  (271, 2500.)  (272, -625.)  (297, -625.) 
row 272: (246, -625.)  (271, -625.)  (272, 2500.)  (273, -625.)  (298, -625.) 
row 273: (247, -625.)  (272, -625.)  (273, 2500.)  (274, -625.)  (299, -625.) 
row 274: (248, -625.)  (273, -625.)  (274, 2500.)  (275, -625.)  (300, -625.) 
row 275: (249, -625.)  (274, -625.)  (275, 2500.)  (276, -625.)  (301, -625.) 
row 276: (250, -625.)  (275, -625.)  (276, 2500.)  (277, -625.)  (302, -625.) 
row 277: (251, -625.)  (276, -625.)  (277, 2500.)  (278, -625.)  (303, -625.) 
row 278: (252, -625.)  (277, -625.)  (278, 2500.)  (279, -625.)  (304, -625.) 
row 279: (253, -625.)  (278, -625.)  (279, 2500.)  (280, -625.)  (305, -625.) 
row 280: (254, -625.)  (279, -625.)  (280, 2500.)  (281, -625.)  (306, -625.) 
row 281: (255, -625.)  (280, -625.)  (281, 2500.)  (282, -625.)  (307, -625.) 
row 282: (256, -625.)  (281, -625.)  (282, 2500.)  (283, -625.)  (308, -625.) 
row 283: (257, -625.)  (282, -625.)  (283, 2500.)  (284, -625.)  (309, -625.) 
row 284: (258, -625.)  (283, -625.)  (284, 2500.)  (285, -625.)  (310, -625.) 
row 285: (285, 1.) 
row 286: (286, 1.) 
row 287: (261, -625.)  (286, -625.)  (287, 2500.)  (288, -625.)  (313, -625.) 
row 288: (262, -625.)  (287, -625.)  (288, 2500.)  (289, -625.)  (314, -625.) 
row 289: (263, -625.)  (288, -625.)  (289, 2500.)  (290, -625.)  (315, -625.) 
row 290: (264, -625.)  (289, -625.)  (290, 2500.)  (291, -625.)  (316, -625.) 
row 291: (265, -625.)  (290, -625.)  (291, 2500.)  (292, -625.)  (317, -625.) 
row 292: (266, -625.)  (291, -625.)  (292, 2500.)  (293, -625.)  (318, -625.) 
row 293: (267, -625.)  (292, -625.)  (293, 2500.)  (294, -625.)  (319, -625.) 
row 294: (268, -625.)  (293, -625.)  (294, 2500.)  (295, -625.)  (320, -625.) 
row 295: (269, -625.)  (294, -625.)  (295, 2500.)  (296, -625.)  (321, -625.) 
row 296: (270, -625.)  (295, -625.)  (296, 2500.)  (297, -625.)  (322, -625.) 
row 297: (271, -625.)  (296, -625.)  (297, 2500.)  (298, -625.)  (323, -625.) 
row 298: (272, -625.)  (297, -625.)  (298, 2500.)  (299, -625.)  (324, -625.) 
row 299: (273, -625.)  (298, -625.)  (299, 2500.)  (300, -625.)  (325, -625.) 
row 300: (274, -625.)  (299, -625.)  (300, 2500.)  (301, -625.)  (326, -625.) 
row 301: (275, -625.)  (300, -625.)  (301, 2500.)  (302, -625.)  (327, -625.) 
row 302: (276, -625.)  (301, -625.)  (302, 2500.)  (303, -625.)  (328, -625.) 
row 303: (277, -625.)  (302, -625.)  (303, 2500.)  (304, -625.)  (329, -625.) 
row 304: (278, -625.)  (303, -625.)  (304, 2500.)  (305, -625.)  (330, -625.) 
row 305: (279, -625.)  (304, -625.)  (305, 2500.)  (306, -625.)  (331, -625.) 
row 306: (280, -625.)  (305, -625.)  (306, 2500.)  (307, -625.)  (332, -625.) 
row 307: (281, -625.)  (306, -625.)  (307, 2500.)  (308, -625.)  (333, -625.) 
row 308: (282, -625.)  (307, -625.)  (308, 2500.)  (309, -625.)  (334, -625.) 
row 309: (283, -625.)  (308, -625.)  (309, 2500.)  (310, -625.)  (335, -625.) 
row 310: (284, -625.)  (309, -625.)  (310, 2500.)  (311, -625.)  (336, -625.) 
row 311: (311, 1.) 
row 312: (312, 1.) 
row 313: (287, -625.)  (312, -625.)  (313, 2500.)  (314, -625.)  (339, -625.) 
row 314: (288, -625.)  (313, -625.)  (314, 2500.)  (315, -625.)  (340, -625.) 
row 315: (289, -625.)  (314, -625.)  (315, 2500.)  (316, -625.)  (341, -625.) 
row 316: (290, -625.)  (315, -625.)  (316, 2500.)  (317, -625.)  (342, -625.) 
row 317: (291, -625.)  (316, -625.)  (317, 2500.)  (318, -625.)  (343, -625.) 
row 318: (292, -625.)  (317, -625.)  (318, 2500.)  (319, -625.)  (344, -625.) 
row 319: (293, -625.)  (318, -625.)  (319, 2500.)  (320, -625.)  (345, -625.) 
row 320: (294, -625.)  (319, -625.)  (320, 2500.)  (321, -625.)  (346, -625.) 
row 321: (295, -625.)  (320, -625.)  (321, 2500.)  (322, -625.)  (347, -625.) 
row 322: (296, -625.)  (321, -625.)  (322, 2500.)  (323, -625.)  (348, -625.) 
row 323: (297, -625.)  (322, -625.)  (323, 2500.)  (324, -625.)  (349, -625.) 
row 324: (298, -625.)  (323, -625.)  (324, 2500.)  (325, -625.)  (350, -625.) 
row 325: (299, -625.)  (324, -625.)  (325, 2500.)  (326, -625.)  (351, -625.) 
row 326: (300, -625.)  (325, -625.)  (326, 2500.)  (327, -625.)  (352, -625.) 
row 327: (301, -625.)  (326, -625.)  (327, 2500.)  (328, -625.)  (353, -625.) 
row 328: (302, -625.)  (327, -625.)  (328, 2500.)  (329, -625.)  (354, -625.) 
row 329: (303, -625.)  (328, -625.)  (329, 2500.)  (330, -625.)  (355, -625.) 
row 330: (304, -625.)  (329, -625.)  (330, 2500.)  (331, -625.)  (356, -625.) 
row 331: (305, -625.)  (330, -625.)  (331, 2500.)  (332, -625.)  (357, -625.) 
row 332: (306, -625.)  (331, -625.)  (332, 2500.)  (333, -625.)  (358, -625.) 
row 333: (307, -625.)  (332, -625.)  (333, 2500.)  (334, -625.)  (359, -625.) 
row 334: (308, -625.)  (333, -625.)  (334, 2500.)  (335, -625.)  (360, -625.) 
row 335: (309, -625.)  (334, -625.)  (335, 2500.)  (336, -625.)  (361, -625.) 
row 336: (310, -625.)  (335, -625.)  (336, 2500.)  (337, -625.)  (362, -625.) 
row 337: (337, 1.) 
row 338: (338, 1.) 
row 339: (313, -625.)  (338, -625.)  (339, 2500.)  (340, -625.)  (365, -625.) 
row 340: (314, -625.)  (339, -625.)  (340, 2500.)  (341, -625.)  (366, -625.) 
row 341: (315, -625.)  (340, -625.)  (341, 2500.)  (342, -625.)  (367, -625.) 
row 342: (316, -625.)  (341, -625.)  (342, 2500.)  (343, -625.)  (368, -625.) 
row 343: (317, -625.)  (342, -625.)  (343, 2500.)  (344, -625.)  (369, -625.) 
row 344: (318, -625.)  (343, -625.)  (344, 2500.)  (345, -625.)  (370, -625.) 
row 345: (319, -625.)  (344, -625.)  (345, 2500.)  (346, -625.)  (371, -625.) 
row 346: (320, -625.)  (345, -625.)  (346, 2500.)  (347, -625.)  (372, -625.) 
row 347: (321, -625.)  (346, -625.)  (347, 2500.)  (348, -625.)  (373, -625.) 
row 348: (322, -625.)  (347, -625.)  (348, 2500.)  (349, -625.)  (374, -625.) 
row 349: (323, -625.)  (348, -625.)  (349, 2500.)  (350, -625.)  (375, -625.) 
row 350: (324, -625.)  (349, -625.)  (350, 2500.)  (351, -625.)  (376, -625.) 
row 351: (325, -625.)  (350, -625.)  (351, 2500.)  (352, -625.)  (377, -625.) 
row 352: (326, -625.)  (351, -625.)  (352, 2500.)  (353, -625.)  (378, -625.) 
row 353: (327, -625.)  (352, -625.)  (353, 2500.)  (354, -625.)  (379, -625.) 
row 354: (328, -625.)  (353, -625.)  (354, 2500.)  (355, -625.)  (380, -625.) 
row 355: (329, -625.)  (354, -625.)  (355, 2500.)  (356, -625.)  (381, -625.) 
row 356: (330, -625.)  (355, -625.)  (356, 2500.)  (357, -625.)  (382, -625.) 
row 357: (331, -625.)  (356, -625.)  (357, 2500.)  (358, -625.)  (383, -625.) 
row 358: (332, -625.)  (357, -625.)  (358, 2500.)  (359, -625.)  (384, -625.) 
row 359: (333, -625.)  (358, -625.)  (359, 2500.)  (360, -625.)  (385, -625.) 
row 360: (334, -625.)  (359, -625.)  (360, 2500.)  (361, -625.)  (386, -625.) 
row 361: (335, -625.)  (360, -625.)  (361, 2500.)  (362, -625.)  (387, -625.) 
row 362: (336, -625.)  (361, -625.)  (362, 2500.)  (363, -625.)  (388, -625.) 
row 363: (363, 1.) 
row 364: (364, 1.) 
row 365: (339, -625.)  (364, -625.)  (365, 2500.)  (366, -625.)  (391, -625.) 
row 366: (340, -625.)  (365, -625.)  (366, 2500.)  (367, -625.)  (392, -625.) 
row 367: (341, -625.)  (366, -625.)  (367, 2500.)  (368, -625.)  (393, -625.) 
row 368: (342, -625.)  (367, -625.)  (368, 2500.)  (369, -625.)  (394, -625.) 
row 369: (343, -625.)  (368, -625.)  (369, 2500.)  (370, -625.)  (395, -625.) 
row 370: (344, -625.)  (369, -625.)  (370, 2500.)  (371, -625.)  (396, -625.) 
row 371: (345, -625.)  (370, -625.)  (371, 2500.)  (372, -625.)  (397, -625.) 
row 372: (346, -625.)  (371, -625.)  (372, 2500.)  (373, -625.)  (398, -625.) 
row 373: (347, -625.)  (372, -625.)  (373, 2500.)  (374, -625.)  (399, -625.) 
row 374: (348, -625.)  (373, -625.)  (374, 2500.)  (375, -625.)  (400, -625.) 
row 375: (349, -625.)  (374, -625.)  (375, 2500.)  (376, -625.)  (401, -625.) 
row 376: (350, -625.)  (375, -625.)  (376, 2500.)  (377, -625.)  (402, -625.) 
row 377: (351, -625.)  (376, -625.)  (377, 2500.)  (378, -625.)  (403, -625.) 
row 378: (352, -625.)  (377, -625.)  (378, 2500.)  (379, -625.)  (404, -625.) 
row 379: (353, -625.)  (378, -625.)  (379, 2500.)  (380, -625.)  (405, -625.) 
row 380: (354, -625.)  (379, -625.)  (380, 2500.)  (381, -625.)  (406, -625.) 
row 381: (355, -625.)  (380, -625.)  (381, 2500.)  (382, -625.)  (407, -625.) 
row 382: (356, -625.)  (381, -625.)  (382, 2500.)  (383, -625.)  (408, -625.) 
row 383: (357, -625.)  (382, -625.)  (383, 2500.)  (384, -625.)  (409, -625.) 
row 384: (358, -625.)  (383, -625.)  (384, 2500.)  (385, -625.)  (410, -625.) 
row 385: (359, -625.)  (384, -625.)  (385, 2500.)  (386, -625.)  (411, -625.) 
row 386: (360, -625.)  (385, -625.)  (386, 2500.)  (387, -625.)  (412, -625.) 
row 387: (361, -625.)  (386, -625.)  (387, 2500.)  (388, -625.)  (413, -625.) 
row 388: (362, -625.)  (387, -625.)  (388, 2500.)  (389, -625.)  (414, -625.) 
row 389: (389, 1.) 
row 390: (390, 1.) 
row 391: (365, -625.)  (390, -625.)  (391, 2500.)  (392, -625.)  (417, -625.) 
row 392: (366, -625.)  (391, -625.)  (392, 2500.)  (393, -625.)  (418, -625.) 
row 393: (367, -625.)  (392, -625.)  (393, 2500.)  (394, -625.)  (419, -625.) 
row 394: (368, -625.)  (393, -625.)  (394, 2500.)  (395, -625.)  (420, -625.) 
row 395: (369, -625.)  (394, -625.)  (395, 2500.)  (396, -625.)  (421, -625.) 
row 396: (370, -625.)  (395, -625.)  (396, 2500.)  (397, -625.)  (422, -625.) 
row 397: (371, -625.)  (396, -625.)  (397, 2500.)  (398, -625.)  (423, -625.) 
row 398: (372, -625.)  (397, -625.)  (398, 2500.)  (399, -625.)  (424, -625.) 
row 399: (373, -625.)  (398, -625.)  (399, 2500.)  (400, -625.)  (425, -625.) 
row 400: (374, -625.)  (399, -625.)  (400, 2500.)  (401, -625.)  (426, -625.) 
row 401: (375, -625.)  (400, -625.)  (401, 2500.)  (402, -625.)  (427, -625.) 
row 402: (376, -625.)  (401, -625.)  (402, 2500.)  (403, -625.)  (428, -625.) 
row 403: (377, -625.)  (402, -625.)  (403, 2500.)  (404, -625.)  (429, -625.) 
row 404: (378, -625.)  (403, -625.)  (404, 2500.)  (405, -625.)  (430, -625.) 
row 405: (379, -625.)  (404, -625.)  (405, 2500.)  (406, -625.)  (431, -625.) 
row 406: (380, -625.)  (405, -625.)  (406, 2500.)  (407, -625.)  (432, -625.) 
row 407: (381, -625.)  (406, -625.)  (407, 2500.)  (408, -625.)  (433, -625.) 
row 408: (382, -625.)  (407, -625.)  (408, 2500.)  (409, -625.)  (434, -625.) 
row 409: (383, -625.)  (408, -625.)  (409, 2500.)  (410, -625.)  (435, -625.) 
row 410: (384, -625.)  (409, -625.)  (410, 2500.)  (411, -625.)  (436, -625.) 
row 411: (385, -625.)  (410, -625.)  (411, 2500.)  (412, -625.)  (437, -625.) 
row 412: (386, -625.)  (411, -625.)  (412, 2500.)  (413, -625.)  (438, -625.) 
row 413: (387, -625.)  (412, -625.)  (413, 2500.)  (414, -625.)  (439, -625.) 
row 414: (388, -625.)  (413, -625.)  (414, 2500.)  (415, -625.)  (440, -625.) 
row 415: (415, 1.) 
row 416: (416, 1.) 
row 417: (391, -625.)  (416, -625.)  (417, 2500.)  (418, -625.)  (443, -625.) 
row 418: (392, -625.)  (417, -625.)  (418, 2500.)  (419, -625.)  (444, -625.) 
row 419: (393, -625.)  (418, -625.)  (419, 2500.)  (420, -625.)  (445, -625.) 
row 420: (394, -625.)  (419, -625.)  (420, 2500.)  (421, -625.)  (446, -625.) 
row 421: (395, -625.)  (420, -625.)  (421, 2500.)  (422, -625.)  (447, -625.) 
row 422: (396, -625.)  (421, -625.)  (422, 2500.)  (423, -625.)  (448, -625.) 
row 423: (397, -625.)  (422, -625.)  (423, 2500.)  (424, -625.)  (449, -625.) 
row 424: (398, -625.)  (423, -625.)  (424, 2500.)  (425, -625.)  (450, -625.) 
row 425: (399, -625.)  (424, -625.)  (425, 2500.)  (426, -625.)  (451, -625.) 
row 426: (400, -625.)  (425, -625.)  (426, 2500.)  (427, -625.)  (452, -625.) 
row 427: (401, -625.)  (426, -625.)  (427, 2500.)  (428, -625.)  (453, -625.) 
row 428: (402, -625.)  (427, -625.)  (428, 2500.)  (429, -625.)  (454, -625.) 
row 429: (403, -625.)  (428, -625.)  (429, 2500.)  (430, -625.)  (455, -625.) 
row 430: (404, -625.)  (429, -625.)  (430, 2500.)  (431, -625.)  (456, -625.) 
row 431: (405, -625.)  (430, -625.)  (431, 2500.)  (432, -625.)  (457, -625.) 
row 432: (406, -625.)  (431, -625.)  (432, 2500.)  (433, -625.)  (458, -625.) 
row 433: (407, -625.)  (432, -625.)  (433, 2500.)  (434, -625.)  (459, -625.) 
row 434: (408, -625.)  (433, -625.)  (434, 2500.)  (435, -625.)  (460, -625.) 
row 435: (409, -625.)  (434, -625.)  (435, 2500.)  (436, -625.)  (461, -625.) 
row 436: (410, -625.)  (435, -625.)  (436, 2500.)  (437, -625.)  (462, -625.) 
row 437: (411, -625.)  (436, -625.)  (437, 2500.)  (438, -625.)  (463, -625.) 
row 438: (412, -625.)  (437, -625.)  (438, 2500.)  (439, -625.)  (464, -625.) 
row 439: (413, -625.)  (438, -625.)  (439, 2500.)  (440, -625.)  (465, -625.) 
row 440: (414, -625.)  (439, -625.)  (440, 2500.)  (441, -625.)  (466, -625.) 
row 441: (441, 1.) 
row 442: (442, 1.) 
row 443: (417, -625.)  (442, -625.)  (443, 2500.)  (444, -625.)  (469, -625.) 
row 444: (418, -625.)  (443, -625.)  (444, 2500.)  (445, -625.)  (470, -625.) 
row 445: (419, -625.)  (444, -625.)  (445, 2500.)  (446, -625.)  (471, -625.) 
row 446: (420, -625.)  (445, -625.)  (446, 2500.)  (447, -625.)  (472, -625.) 
row 447: (421, -625.)  (446, -625.)  (447, 2500.)  (448, -625.)  (473, -625.) 
row 448: (422, -625.)  (447, -625.)  (448, 2500.)  (449, -625.)  (474, -625.) 
row 449: (423, -625.)  (448, -625.)  (449, 2500.)  (450, -625.)  (475, -625.) 
row 450: (424, -625.)  (449, -625.)  (450, 2500.)  (451, -625.)  (476, -625.) 
row 451: (425, -625.)  (450, -625.)  (451, 2500.)  (452, -625.)  (477, -625.) 
row 452: (426, -625.)  (451, -625.)  (452, 2500.)  (453, -625.)  (478, -625.) 
row 453: (427, -625.)  (452, -625.)  (453, 2500.)  (454, -625.)  (479, -625.) 
row 454: (428, -625.)  (453, -625.)  (454, 2500.)  (455, -625.)  (480, -625.) 
row 455: (429, -625.)  (454, -625.)  (455, 2500.)  (456, -625.)  (481, -625.) 
row 456: (430, -625.)  (455, -625.)  (456, 2500.)  (457, -625.)  (482, -625.) 
row 457: (431, -625.)  (456, -625.)  (457, 2500.)  (458, -625.)  (483, -625.) 
row 458: (432, -625.)  (457, -625.)  (458, 2500.)  (459, -625.)  (484, -625.) 
row 459: (433, -625.)  (458, -625.)  (459, 2500.)  (460, -625.)  (485, -625.) 
row 460: (434, -625.)  (459, -625.)  (460, 2500.)  (461, -625.)  (486, -625.) 
row 461: (435, -625.)  (460, -625.)  (461, 2500.)  (462, -625.)  (487, -625.) 
row 462: (436, -625.)  (461, -625.)  (462, 2500.)  (463, -625.)  (488, -625.) 
row 463: (437, -625.)  (462, -625.)  (463, 2500.)  (464, -625.)  (489, -625.) 
row 464: (438, -625.)  (463, -625.)  (464, 2500.)  (465, -625.)  (490, -625.) 
row 465: (439, -625.)  (464, -625.)  (465, 2500.)  (466, -625.)  (491, -625.) 
row 466: (440, -625.)  (465, -625.)  (466, 2500.)  (467, -625.)  (492, -625.) 
row 467: (467, 1.) 
row 468: (468, 1.) 
row 469: (443, -625.)  (468, -625.)  (469, 2500.)  (470, -625.)  (495, -625.) 
row 470: (444, -625.)  (469, -625.)  (470, 2500.)  (471, -625.)  (496, -625.) 
row 471: (445, -625.)  (470, -625.)  (471, 2500.)  (472, -625.)  (497, -625.) 
row 472: (446, -625.)  (471, -625.)  (472, 2500.)  (473, -625.)  (498, -625.) 
row 473: (447, -625.)  (472, -625.)  (473, 2500.)  (474, -625.)  (499, -625.) 
row 474: (448, -625.)  (473, -625.)  (474, 2500.)  (475, -625.)  (500, -625.) 
row 475: (449, -625.)  (474, -625.)  (475, 2500.)  (476, -625.)  (501, -625.) 
row 476: (450, -625.)  (475, -625.)  (476, 2500.)  (477, -625.)  (502, -625.) 
row 477: (451, -625.)  (476, -625.)  (477, 2500.)  (478, -625.)  (503, -625.) 
row 478: (452, -625.)  (477, -625.)  (478, 2500.)  (479, -625.)  (504, -625.) 
row 479: (453, -625.)  (478, -625.)  (479, 2500.)  (480, -625.)  (505, -625.) 
row 480: (454, -625.)  (479, -625.)  (480, 2500.)  (481, -625.)  (506, -625.) 
row 481: (455, -625.)  (480, -625.)  (481, 2500.)  (482, -625.)  (507, -625.) 
row 482: (456, -625.)  (481, -625.)  (482, 2500.)  (483, -625.)  (508, -625.) 
row 483: (457, -625.)  (482, -625.)  (483, 2500.)  (484, -625.)  (509, -625.) 
row 484: (458, -625.)  (483, -625.)  (484, 2500.)  (485, -625.)  (510, -625.) 
row 485: (459, -625.)  (484, -625.)  (485, 2500.)  (486, -625.)  (511, -625.) 
row 486: (460, -625.)  (485, -625.)  (486, 2500.)  (487, -625.)  (512, -625.) 
row 487: (461, -625.)  (486, -625.)  (487, 2500.)  (488, -625.)  (513, -625.) 
row 488: (462, -625.)  (487, -625.)  (488, 2500.)  (489, -625.)  (514, -625.) 
row 489: (463, -625.)  (488, -625.)  (489, 2500.)  (490, -625.)  (515, -625.) 
row 490: (464, -625.)  (489, -625.)  (490, 2500.)  (491, -625.)  (516, -625.) 
row 491: (465, -625.)  (490, -625.)  (491, 2500.)  (492, -625.)  (517, -625.) 
row 492: (466, -625.)  (491, -625.)  (492, 2500.)  (493, -625.)  (518, -625.) 
row 493: (493, 1.) 
row 494: (494, 1.) 
row 495: (469, -625.)  (494, -625.)  (495, 2500.)  (496, -625.)  (521, -625.) 
row 496: (470, -625.)  (495, -625.)  (496, 2500.)  (497, -625.)  (522, -625.) 
row 497: (471, -625.)  (496, -625.)  (497, 2500.)  (498, -625.)  (523, -625.) 
row 498: (472, -625.)  (497, -625.)  (498, 2500.)  (499, -625.)  (524, -625.) 
row 499: (473, -625.)  (498, -625.)  (499, 2500.)  (500, -625.)  (525, -625.) 
row 500: (474, -625.)  (499, -625.)  (500, 2500.)  (501, -625.)  (526, -625.) 
row 501: (475, -625.)  (500, -625.)  (501, 2500.)  (502, -625.)  (527, -625.) 
row 502: (476, -625.)  (501, -625.)  (502, 2500.)  (503, -625.)  (528, -625.) 
row 503: (477, -625.)  (502, -625.)  (503, 2500.)  (504, -625.)  (529, -625.) 
row 504: (478, -625.)  (503, -625.)  (504, 2500.)  (505, -625.)  (530, -625.) 
row 505: (479, -625.)  (504, -625.)  (505, 2500.)  (506, -625.)  (531, -625.) 
row 506: (480, -625.)  (505, -625.)  (506, 2500.)  (507, -625.)  (532, -625.) 
row 507: (481, -625.)  (506, -625.)  (507, 2500.)  (508, -625.)  (533, -625.) 
row 508: (482, -625.)  (507, -625.)  (508, 2500.)  (509, -625.)  (534, -625.) 
row 509: (483, -625.)  (508, -625.)  (509, 2500.)  (510, -625.)  (535, -625.) 
row 510: (484, -625.)  (509, -625.)  (510, 2500.)  (511, -625.)  (536, -625.) 
row 511: (485, -625.)  (510, -625.)  (511, 2500.)  (512, -625.)  (537, -625.) 
row 512: (486, -625.)  (511, -625.)  (512, 2500.)  (513, -625.)  (538, -625.) 
row 513: (487, -625.)  (512, -625.)  (513, 2500.)  (514, -625.)  (539, -625.) 
row 514: (488, -625.)  (513, -625.)  (514, 2500.)  (515, -625.)  (540, -625.) 
row 515: (489, -625.)  (514, -625.)  (515, 2500.)  (516, -625.)  (541, -625.) 
row 516: (490, -625.)  (515, -625.)  (516, 2500.)  (517, -625.)  (542, -625.) 
row 517: (491, -625.)  (516, -625.)  (517, 2500.)  (518, -625.)  (543, -625.) 
row 518: (492, -625.)  (517, -625.)  (518, 2500.)  (519, -625.)  (544, -625.) 
row 519: (519, 1.) 
row 520: (520, 1.) 
row 521: (495, -625.)  (520, -625.)  (521, 2500.)  (522, -625.)  (547, -625.) 
row 522: (496, -625.)  (521, -625.)  (522, 2500.)  (523, -625.)  (548, -625.) 
row 523: (497, -625.)  (522, -625.)  (523, 2500.)  (524, -625.)  (549, -625.) 
row 524: (498, -625.)  (523, -625.)  (524, 2500.)  (525, -625.)  (550, -625.) 
row 525: (499, -625.)  (524, -625.)  (525, 2500.)  (526, -625.)  (551, -625.) 
row 526: (500, -625.)  (525, -625.)  (526, 2500.)  (527, -625.)  (552, -625.) 
row 527: (501, -625.)  (526, -625.)  (527, 2500.)  (528, -625.)  (553, -625.) 
row 528: (502, -625.)  (527, -625.)  (528, 2500.)  (529, -625.)  (554, -625.) 
row 529: (503, -625.)  (528, -625.)  (529, 2500.)  (530, -625.)  (555, -625.) 
row 530: (504, -625.)  (529, -625.)  (530, 2500.)  (531, -625.)  (556, -625.) 
row 531: (505, -625.)  (530, -625.)  (531, 2500.)  (532, -625.)  (557, -625.) 
row 532: (506, -625.)  (531, -625.)  (532, 2500.)  (533, -625.)  (558, -625.) 
row 533: (507, -625.)  (532, -625.)  (533, 2500.)  (534, -625.)  (559, -625.) 
row 534: (508, -625.)  (533, -625.)  (534, 2500.)  (535, -625.)  (560, -625.) 
row 535: (509, -625.)  (534, -625.)  (535, 2500.)  (536, -625.)  (561, -625.) 
row 536: (510, -625.)  (535, -625.)  (536, 2500.)  (537, -625.)  (562, -625.) 
row 537: (511, -625.)  (536, -625.)  (537, 2500.)  (538, -625.)  (563, -625.) 
row 538: (512, -625.)  (537, -625.)  (538, 2500.)  (539, -625.)  (564, -625.) 
row 539: (513, -625.)  (538, -625.)  (539, 2500.)  (540, -625.)  (565, -625.) 
row 540: (514, -625.)  (539, -625.)  (540, 2500.)  (541, -625.)  (566, -625.) 
row 541: (515, -625.)  (540, -625.)  (541, 2500.)  (542, -625.)  (567, -625.) 
row 542: (516, -625.)  (541, -625.)  (542, 2500.)  (543, -625.)  (568, -625.) 
row 543: (517, -625.)  (542, -625.)  (543, 2500.)  (544, -625.)  (569, -625.) 
row 544: (518, -625.)  (543, -625.)  (544, 2500.)  (545, -625.)  (570, -625.) 
row 545: (545, 1.) 
row 546: (546, 1.) 
row 547: (521, -625.)  (546, -625.)  (547, 2500.)  (548, -625.)  (573, -625.) 
row 548: (522, -625.)  (547, -625.)  (548, 2500.)  (549, -625.)  (574, -625.) 
row 549: (523, -625.)  (548, -625.)  (549, 2500.)  (550, -625.)  (575, -625.) 
row 550: (524, -625.)  (549, -625.)  (550, 2500.)  (551, -625.)  (576, -625.) 
row 551: (525, -625.)  (550, -625.)  (551, 2500.)  (552, -625.)  (577, -625.) 
row 552: (526, -625.)  (551, -625.)  (552, 2500.)  (553, -625.)  (578, -625.) 
row 553: (527, -625.)  (552, -625.)  (553, 2500.)  (554, -625.)  (579, -625.) 
row 554: (528, -625.)  (553, -625.)  (554, 2500.)  (555, -625.)  (580, -625.) 
row 555: (529, -625.)  (554, -625.)  (555, 2500.)  (556, -625.)  (581, -625.) 
row 556: (530, -625.)  (555, -625.)  (556, 2500.)  (557, -625.)  (582, -625.) 
row 557: (531, -625.)  (556, -625.)  (557, 2500.)  (558, -625.)  (583, -625.) 
row 558: (532, -625.)  (557, -625.)  (558, 2500.)  (559, -625.)  (584, -625.) 
row 559: (533, -625.)  (558, -625.)  (559, 2500.)  (560, -625.)  (585, -625.) 
row 560: (534, -625.)  (559, -625.)  (560, 2500.)  (561, -625.)  (586, -625.) 
row 561: (535, -625.)  (560, -625.)  (561, 2500.)  (562, -625.)  (587, -625.) 
row 562: (536, -625.)  (561, -625.)  (562, 2500.)  (563, -625.)  (588, -625.) 
row 563: (537, -625.)  (562, -625.)  (563, 2500.)  (564, -625.)  (589, -625.) 
row 564: (538, -625.)  (563, -625.)  (564, 2500.)  (565, -625.)  (590, -625.) 
row 565: (539, -625.)  (564, -625.)  (565, 2500.)  (566, -625.)  (591, -625.) 
row 566: (540, -625.)  (565, -625.)  (566, 2500.)  (567, -625.)  (592, -625.) 
row 567: (541, -625.)  (566, -625.)  (567, 2500.)  (568, -625.)  (593, -625.) 
row 568: (542, -625.)  (567, -625.)  (568, 2500.)  (569, -625.)  (594, -625.) 
row 569: (543, -625.)  (568, -625.)  (569, 2500.)  (570, -625.)  (595, -625.) 
row 570: (544, -625.)  (569, -625.)  (570, 2500.)  (571, -625.)  (596, -625.) 
row 571: (571, 1.) 
row 572: (572, 1.) 
row 573: (547, -625.)  (572, -625.)  (573, 2500.)  (574, -625.)  (599, -625.) 
row 574: (548, -625.)  (573, -625.)  (574, 2500.)  (575, -625.)  (600, -625.) 
row 575: (549, -625.)  (574, -625.)  (575, 2500.)  (576, -625.)  (601, -625.) 
row 576: (550, -625.)  (575, -625.)  (576, 2500.)  (577, -625.)  (602, -625.) 
row 577: (551, -625.)  (576, -625.)  (577, 2500.)  (578, -625.)  (603, -625.) 
row 578: (552, -625.)  (577, -625.)  (578, 2500.)  (579, -625.)  (604, -625.) 
row 579: (553, -625.)  (578, -625.)  (579, 2500.)  (580, -625.)  (605, -625.) 
row 580: (554, -625.)  (579, -625.)  (580, 2500.)  (581, -625.)  (606, -625.) 
row 581: (555, -625.)  (580, -625.)  (581, 2500.)  (582, -625.)  (607, -625.) 
row 582: (556, -625.)  (581, -625.)  (582, 2500.)  (583, -625.)  (608, -625.) 
row 583: (557, -625.)  (582, -625.)  (583, 2500.)  (584, -625.)  (609, -625.) 
row 584: (558, -625.)  (583, -625.)  (584, 2500.)  (585, -625.)  (610, -625.) 
row 585: (559, -625.)  (584, -625.)  (585, 2500.)  (586, -625.)  (611, -625.) 
row 586: (560, -625.)  (585, -625.)  (586, 2500.)  (587, -625.)  (612, -625.) 
row 587: (561, -625.)  (586, -625.)  (587, 2500.)  (588, -625.)  (613, -625.) 
row 588: (562, -625.)  (587, -625.)  (588, 2500.)  (589, -625.)  (614, -625.) 
row 589: (563, -625.)  (588, -625.)  (589, 2500.)  (590, -625.)  (615, -625.) 
row 590: (564, -625.)  (589, -625.)  (590, 2500.)  (591, -625.)  (616, -625.) 
row 591: (565, -625.)  (590, -625.)  (591, 2500.)  (592, -625.)  (617, -625.) 
row 592: (566, -625.)  (591, -625.)  (592, 2500.)  (593, -625.)  (618, -625.) 
row 593: (567, -625.)  (592, -625.)  (593, 2500.)  (594, -625.)  (619, -625.) 
row 594: (568, -625.)  (593, -625.)  (594, 2500.)  (595, -625.)  (620, -625.) 
row 595: (569, -625.)  (594, -625.)  (595, 2500.)  (596, -625.)  (621, -625.) 
row 596: (570, -625.)  (595, -625.)  (596, 2500.)  (597, -625.)  (622, -625.) 
row 597: (597, 1.) 
row 598: (598, 1.) 
row 599: (573, -625.)  (598, -625.)  (599, 2500.)  (600, -625.)  (625, -625.) 
row 600: (574, -625.)  (599, -625.)  (600, 2500.)  (601, -625.)  (626, -625.) 
row 601: (575, -625.)  (600, -625.)  (601, 2500.)  (602, -625.)  (627, -625.) 
row 602: (576, -625.)  (601, -625.)  (602, 2500.)  (603, -625.)  (628, -625.) 
row 603: (577, -625.)  (602, -625.)  (603, 2500.)  (604, -625.)  (629, -625.) 
row 604: (578, -625.)  (603, -625.)  (604, 2500.)  (605, -625.)  (630, -625.) 
row 605: (579, -625.)  (604, -625.)  (605, 2500.)  (606, -625.)  (631, -625.) 
row 606: (580, -625.)  (605, -625.)  (606, 2500.)  (607, -625.)  (632, -625.) 
row 607: (581, -625.)  (606, -625.)  (607, 2500.)  (608, -625.)  (633, -625.) 
row 608: (582, -625.)  (607, -625.)  (608, 2500.)  (609, -625.)  (634, -625.) 
row 609: (583, -625.)  (608, -625.)  (609, 2500.)  (610, -625.)  (635, -625.) 
row 610: (584, -625.)  (609, -625.)  (610, 2500.)  (611, -625.)  (636, -625.) 
row 611: (585, -625.)  (610, -625.)  (611, 2500.)  (612, -625.)  (637, -625.) 
row 612: (586, -625.)  (611, -625.)  (612, 2500.)  (613, -625.)  (638, -625.) 
row 613: (587, -625.)  (612, -625.)  (613, 2500.)  (614, -625.)  (639, -625.) 
row 614: (588, -625.)  (613, -625.)  (614, 2500.)  (615, -625.)  (640, -625.) 
row 615: (589, -625.)  (614, -625.)  (615, 2500.)  (616, -625.)  (641, -625.) 
row 616: (590, -625.)  (615, -625.)  (616, 2500.)  (617, -625.)  (642, -625.) 
row 617: (591, -625.)  (616, -625.)  (617, 2500.)  (618, -625.)  (643, -625.) 
row 618: (592, -625.)  (617, -625.)  (618, 2500.)  (619, -625.)  (644, -625.) 
row 619: (593, -625.)  (618, -625.)  (619, 2500.)  (620, -625.)  (645, -625.) 
row 620: (594, -625.)  (619, -625.)  (620, 2500.)  (621, -625.)  (646, -625.) 
row 621: (595, -625.)  (620, -625.)  (621, 2500.)  (622, -625.)  (647, -625.) 
row 622: (596, -625.)  (621, -625.)  (622, 2500.)  (623, -625.)  (648, -625.) 
row 623: (623, 1.) 
row 624: (624, 1.) 
row 625: (599, -625.)  (624, -625.)  (625, 2500.)  (626, -625.)  (651, -625.) 
row 626: (600, -625.)  (625, -625.)  (626, 2500.)  (627, -625.)  (652, -625.) 
row 627: (601, -625.)  (626, -625.)  (627, 2500.)  (628, -625.)  (653, -625.) 
row 628: (602, -625.)  (627, -625.)  (628, 2500.)  (629, -625.)  (654, -625.) 
row 629: (603, -625.)  (628, -625.)  (629, 2500.)  (630, -625.)  (655, -625.) 
row 630: (604, -625.)  (629, -625.)  (630, 2500.)  (631, -625.)  (656, -625.) 
row 631: (605, -625.)  (630, -625.)  (631, 2500.)  (632, -625.)  (657, -625.) 
row 632: (606, -625.)  (631, -625.)  (632, 2500.)  (633, -625.)  (658, -625.) 
row 633: (607, -625.)  (632, -625.)  (633, 2500.)  (634, -625.)  (659, -625.) 
row 634: (608, -625.)  (633, -625.)  (634, 2500.)  (635, -625.)  (660, -625.) 
row 635: (609, -625.)  (634, -625.)  (635, 2500.)  (636, -625.)  (661, -625.) 
row 636: (610, -625.)  (635, -625.)  (636, 2500.)  (637, -625.)  (662, -625.) 
row 637: (611, -625.)  (636, -625.)  (637, 2500.)  (638, -625.)  (663, -625.) 
row 638: (612, -625.)  (637, -625.)  (638, 2500.)  (639, -625.)  (664, -625.) 
row 639: (613, -625.)  (638, -625.)  (639, 2500.)  (640, -625.)  (665, -625.) 
row 640: (614, -625.)  (639, -625.)  (640, 2500.)  (641, -625.)  (666, -625.) 
row 641: (615, -625.)  (640, -625.)  (641, 2500.)  (642, -625.)  (667, -625.) 
row 642: (616, -625.)  (641, -625.)  (642, 2500.)  (643, -625.)  (668, -625.) 
row 643: (617, -625.)  (642, -625.)  (643, 2500.)  (644, -625.)  (669, -625.) 
row 644: (618, -625.)  (643, -625.)  (644, 2500.)  (645, -625.)  (670, -625.) 
row 645: (619, -625.)  (644, -625.)  (645, 2500.)  (646, -625.)  (671, -625.) 
row 646: (620, -625.)  (645, -625.)  (646, 2500.)  (647, -625.)  (672, -625.) 
row 647: (621, -625.)  (646, -625.)  (647, 2500.)  (648, -625.)  (673, -625.) 
row 648: (622, -625.)  (647, -625.)  (648, 2500.)  (649, -625.)  (674, -625.) 
row 649: (649, 1.) 
row 650: (650, 1.)  (651, 0.)  (652, 0.)  (653, 0.)  (654, 0.)  (655, 0.)  (656, 0.)  (657, 0.)  (658, 0.)  (659, 0.)  (660, 0.)  (661, 0.)  (662, 0.)  (663, 0.)  (664, 0.)  (665, 0.)  (666, 0.)  (667, 0.)  (668, 0.)  (669, 0.)  (670, 0.)  (671, 0.)  (672, 0.)  (673, 0.)  (674, 0.)  (675, 0.) 
row 651: (650, 0.)  (651, 1.)  (652, 0.)  (653, 0.)  (654, 0.)  (655, 0.)  (656, 0.)  (657, 0.)  (658, 0.)  (659, 0.)  (660, 0.)  (661, 0.)  (662, 0.)  (663, 0.)  (664, 0.)  (665, 0.)  (666, 0.)  (667, 0.)  (668, 0.)  (669, 0.)  (670, 0.)  (671, 0.)  (672, 0.)  (673, 0.)  (674, 0.)  (675, 0.) 
row 652: (650, 0.)  (651, 0.)  (652, 1.)  (653, 0.)  (654, 0.)  (655, 0.)  (656, 0.)  (657, 0.)  (658, 0.)  (659, 0.)  (660, 0.)  (661, 0.)  (662, 0.)  (663, 0.)  (664, 0.)  (665, 0.)  (666, 0.)  (667, 0.)  (668, 0.)  (669, 0.)  (670, 0.)  (671, 0.)  (672, 0.)  (673, 0.)  (674, 0.)  (675, 0.) 
row 653: (650, 0.)  (651, 0.)  (652, 0.)  (653, 1.)  (654, 0.)  (655, 0.)  (656, 0.)  (657, 0.)  (658, 0.)  (659, 0.)  (660, 0.)  (661, 0.)  (662, 0.)  (663, 0.)  (664, 0.)  (665, 0.)  (666, 0.)  (667, 0.)  (668, 0.)  (669, 0.)  (670, 0.)  (671, 0.)  (672, 0.)  (673, 0.)  (674, 0.)  (675, 0.) 
row 654: (650, 0.)  (651, 0.)  (652, 0.)  (653, 0.)  (654, 1.)  (655, 0.)  (656, 0.)  (657, 0.)  (658, 0.)  (659, 0.)  (660, 0.)  (661, 0.)  (662, 0.)  (663, 0.)  (664, 0.)  (665, 0.)  (666, 0.)  (667, 0.)  (668, 0.)  (669, 0.)  (670, 0.)  (671, 0.)  (672, 0.)  (673, 0.)  (674, 0.)  (675, 0.) 
row 655: (650, 0.)  (651, 0.)  (652, 0.)  (653, 0.)  (654, 0.)  (655, 1.)  (656, 0.)  (657, 0.)  (658, 0.)  (659, 0.)  (660, 0.)  (661, 0.)  (662, 0.)  (663, 0.)  (664, 0.)  (665, 0.)  (666, 0.)  (667, 0.)  (668, 0.)  (669, 0.)  (670, 0.)  (671, 0.)  (672, 0.)  (673, 0.)  (674, 0.)  (675, 0.) 
row 656: (650, 0.)  (651, 0.)  (652, 0.)  (653, 0.)  (654, 0.)  (655, 0.)  (656, 1.)  (657, 0.)  (658, 0.)  (659, 0.)  (660, 0.)  (661, 0.)  (662, 0.)  (663, 0.)  (664, 0.)  (665, 0.)  (666, 0.)  (667, 0.)  (668, 0.)  (669, 0.)  (670, 0.)  (671, 0.)  (672, 0.)  (673, 0.)  (674, 0.)  (675, 0.) 
row 657: (650, 0.)  (651, 0.)  (652, 0.)  (653, 0.)  (654, 0.)  (655, 0.)  (656, 0.)  (657, 1.)  (658, 0.)  (659, 0.)  (660, 0.)  (661, 0.)  (662, 0.)  (663, 0.)  (664, 0.)  (665, 0.)  (666, 0.)  (667, 0.)  (668, 0.)  (669, 0.)  (670, 0.)  (671, 0.)  (672, 0.)  (673, 0.)  (674, 0.)  (675, 0.) 
row 658: (650, 0.)  (651, 0.)  (652, 0.)  (653, 0.)  (654, 0.)  (655, 0.)  (656, 0.)  (657, 0.)  (658, 1.)  (659, 0.)  (660, 0.)  (661, 0.)  (662, 0.)  (663, 0.)  (664, 0.)  (665, 0.)  (666, 0.)  (667, 0.)  (668, 0.)  (669, 0.)  (670, 0.)  (671, 0.)  (672, 0.)  (673, 0.)  (674, 0.)  (675, 0.) 
row 659: (650, 0.)  (651, 0.)  (652, 0.)  (653, 0.)  (654, 0.)  (655, 0.)  (656, 0.)  (657, 0.)  (658, 0.)  (659, 1.)  (660, 0.)  (661, 0.)  (662, 0.)  (663, 0.)  (664, 0.)  (665, 0.)  (666, 0.)  (667, 0.)  (668, 0.)  (669, 0.)  (670, 0.)  (671, 0.)  (672, 0.)  (673, 0.)  (674, 0.)  (675, 0.) 
row 660: (650, 0.)  (651, 0.)  (652, 0.)  (653, 0.)  (654, 0.)  (655, 0.)  (656, 0.)  (657, 0.)  (658, 0.)  (659, 0.)  (660, 1.)  (661, 0.)  (662, 0.)  (663, 0.)  (664, 0.)  (665, 0.)  (666, 0.)  (667, 0.)  (668, 0.)  (669, 0.)  (670, 0.)  (671, 0.)  (672, 0.)  (673, 0.)  (674, 0.)  (675, 0.) 
row 661: (650, 0.)  (651, 0.)  (652, 0.)  (653, 0.)  (654, 0.)  (655, 0.)  (656, 0.)  (657, 0.)  (658, 0.)  (659, 0.)  (660, 0.)  (661, 1.)  (662, 0.)  (663, 0.)  (664, 0.)  (665, 0.)  (666, 0.)  (667, 0.)  (668, 0.)  (669, 0.)  (670, 0.)  (671, 0.)  (672, 0.)  (673, 0.)  (674, 0.)  (675, 0.) 
row 662: (650, 0.)  (651, 0.)  (652, 0.)  (653, 0.)  (654, 0.)  (655, 0.)  (656, 0.)  (657, 0.)  (658, 0.)  (659, 0.)  (660, 0.)  (661, 0.)  (662, 1.)  (663, 0.)  (664, 0.)  (665, 0.)  (666, 0.)  (667, 0.)  (668, 0.)  (669, 0.)  (670, 0.)  (671, 0.)  (672, 0.)  (673, 0.)  (674, 0.)  (675, 0.) 
row 663: (650, 0.)  (651, 0.)  (652, 0.)  (653, 0.)  (654, 0.)  (655, 0.)  (656, 0.)  (657, 0.)  (658, 0.)  (659, 0.)  (660, 0.)  (661, 0.)  (662, 0.)  (663, 1.)  (664, 0.)  (665, 0.)  (666, 0.)  (667, 0.)  (668, 0.)  (669, 0.)  (670, 0.)  (671, 0.)  (672, 0.)  (673, 0.)  (674, 0.)  (675, 0.) 
row 664: (650, 0.)  (651, 0.)  (652, 0.)  (653, 0.)  (654, 0.)  (655, 0.)  (656, 0.)  (657, 0.)  (658, 0.)  (659, 0.)  (660, 0.)  (661, 0.)  (662, 0.)  (663, 0.)  (664, 1.)  (665, 0.)  (666, 0.)  (667, 0.)  (668, 0.)  (669, 0.)  (670, 0.)  (671, 0.)  (672, 0.)  (673, 0.)  (674, 0.)  (675, 0.) 
row 665: (650, 0.)  (651, 0.)  (652, 0.)  (653, 0.)  (654, 0.)  (655, 0.)  (656, 0.)  (657, 0.)  (658, 0.)  (659, 0.)  (660, 0.)  (661, 0.)  (662, 0.)  (663, 0.)  (664, 0.)  (665, 1.)  (666, 0.)  (667, 0.)  (668, 0.)  (669, 0.)  (670, 0.)  (671, 0.)  (672, 0.)  (673, 0.)  (674, 0.)  (675, 0.) 
row 666: (650, 0.)  (651, 0.)  (652, 0.)  (653, 0.)  (654, 0.)  (655, 0.)  (656, 0.)  (657, 0.)  (658, 0.)  (659, 0.)  (660, 0.)  (661, 0.)  (662, 0.)  (663, 0.)  (664, 0.)  (665, 0.)  (666, 1.)  (667, 0.)  (668, 0.)  (669, 0.)  (670, 0.)  (671, 0.)  (672, 0.)  (673, 0.)  (674, 0.)  (675, 0.) 
row 667: (650, 0.)  (651, 0.)  (652, 0.)  (653, 0.)  (654, 0.)  (655, 0.)  (656, 0.)  (657, 0.)  (658, 0.)  (659, 0.)  (660, 0.)  (661, 0.)  (662, 0.)  (663, 0.)  (664, 0.)  (665, 0.)  (666, 0.)  (667, 1.)  (668, 0.)  (669, 0.)  (670, 0.)  (671, 0.)  (672, 0.)  (673, 0.)  (674, 0.)  (675, 0.) 
row 668: (650, 0.)  (651, 0.)  (652, 0.)  (653, 0.)  (654, 0.)  (655, 0.)  (656, 0.)  (657, 0.)  (658, 0.)  (659, 0.)  (660, 0.)  (661, 0.)  (662, 0.)  (663, 0.)  (664, 0.)  (665, 0.)  (666, 0.)  (667, 0.)  (668, 1.)  (669, 0.)  (670, 0.)  (671, 0.)  (672, 0.)  (673, 0.)  (674, 0.)  (675, 0.) 
row 669: (650, 0.)  (651, 0.)  (652, 0.)  (653, 0.)  (654, 0.)  (655, 0.)  (656, 0.)  (657, 0.)  (658, 0.)  (659, 0.)  (660, 0.)  (661, 0.)  (662, 0.)  (663, 0.)  (664, 0.)  (665, 0.)  (666, 0.)  (667, 0.)  (668, 0.)  (669, 1.)  (670, 0.)  (671, 0.)  (672, 0.)  (673, 0.)  (674, 0.)  (675, 0.) 
row 670: (650, 0.)  (651, 0.)  (652, 0.)  (653, 0.)  (654, 0.)  (655, 0.)  (656, 0.)  (657, 0.)  (658, 0.)  (659, 0.)  (660, 0.)  (661, 0.)  (662, 0.)  (663, 0.)  (664, 0.)  (665, 0.)  (666, 0.)  (667, 0.)  (668, 0.)  (669, 0.)  (670, 1.)  (671, 0.)  (672, 0.)  (673, 0.)  (674, 0.)  (675, 0.) 
row 671: (650, 0.)  (651, 0.)  (652, 0.)  (653, 0.)  (654, 0.)  (655, 0.)  (656, 0.)  (657, 0.)  (658, 0.)  (659, 0.)  (660, 0.)  (661, 0.)  (662, 0.)  (663, 0.)  (664, 0.)  (665, 0.)  (666, 0.)  (667, 0.)  (668, 0.)  (669, 0.)  (670, 0.)  (671, 1.)  (672, 0.)  (673, 0.)  (674, 0.)  (675, 0.) 
row 672: (650, 0.)  (651, 0.)  (652, 0.)  (653, 0.)  (654, 0.)  (655, 0.)  (656, 0.)  (657, 0.)  (658, 0.)  (659, 0.)  (660, 0.)  (661, 0.)  (662, 0.)  (663, 0.)  (664, 0.)  (665, 0.)  (666, 0.)  (667, 0.)  (668, 0.)  (669, 0.)  (670, 0.)  (671, 0.)  (672, 1.)  (673, 0.)  (674, 0.)  (675, 0.) 
row 673: (650, 0.)  (651, 0.)  (652, 0.)  (653, 0.)  (654, 0.)  (655, 0.)  (656, 0.)  (657, 0.)  (658, 0.)  (659, 0.)  (660, 0.)  (661, 0.)  (662, 0.)  (663, 0.)  (664, 0.)  (665, 0.)  (666, 0.)  (667, 0.)  (668, 0.)  (669, 0.)  (670, 0.)  (671, 0.)  (672, 0.)  (673, 1.)  (674, 0.)  (675, 0.) 
row 674: (650, 0.)  (651, 0.)  (652, 0.)  (653, 0.)  (654, 0.)  (655, 0.)  (656, 0.)  (657, 0.)  (658, 0.)  (659, 0.)  (660, 0.)  (661, 0.)  (662, 0.)  (663, 0.)  (664, 0.)  (665, 0.)  (666, 0.)  (667, 0.)  (668, 0.)  (669, 0.)  (670, 0.)  (671, 0.)  (672, 0.)  (673, 0.)  (674, 1.)  (675, 0.) 
row 675: (650, 0.)  (651, 0.)  (652, 0.)  (653, 0.)  (654, 0.)  (655, 0.)  (656, 0.)  (657, 0.)  (658, 0.)  (659, 0.)  (660, 0.)  (661, 0.)  (662, 0.)  (663, 0.)  (664, 0.)  (665, 0.)  (666, 0.)  (667, 0.)  (668, 0.)  (669, 0.)  (670, 0.)  (671, 0.)  (672, 0.)  (673, 0.)  (674, 0.)  (675, 1.) 
